student000 69.6   81.05  72.66  88.76  97.71  83.18  66.21  83.54  
student001 65.27  67.34  89.04  97.57  83.44  87.89  89.54  91.68  
student002 66.66  76.49  91.47  77.79  99.39  91.37  67.54  95.96  
student003 80.27  81.72  74.62  70.83  96.42  67.12  82.66  76.17  
student004 82.29  68.18  67.58  78.44  96.98  81.26  66.75  91.96  
student005 69.39  89.1   87.03  90.39  96.1   75.72  82.96  94.61  
student006 94.45  79.54  81.38  71.24  85.01  66.16  82.45  91.19  
student007 96.18  94.47  72.45  69.56  74.61  79.5   89.84  73.4   
student008 76.11  87.82  88.85  78.57  70.16  94.6   98.44  70.19  
student009 79.31  84.77  82.1   98.64  71.99  87.02  87.79  93.11  
student010 81.68  72.11  96.56  69.97  79.36  96     70.68  77.79  
student011 69.73  80.94  80.83  97.61  72.53  96.81  95.13  82.71  
student012 93.61  81.18  87.15  93.86  89.58  98.4   75.13  83.01  
student013 79.49  95.68  90.54  90.05  89.73  65.67  83.37  67.28  
student014 82.11  88.87  97.08  96.15  69.87  99.63  80.61  83.01  
student015 80.39  93.23  72.4   70.38  86.57  65.03  90.46  79.62  
student016 88.82  94.27  94     67.86  87.04  72.47  78.61  98.16  
student017 74.42  74.94  92.44  74.88  65.4   99.41  93.69  78.94  
student018 71.19  70.52  74     68.56  87.22  92.82  91.35  87.17  
student019 85.94  76.16  69.11  83.41  85.58  89.6   70.66  95.11  
student020 84.49  76.06  83.5   85.58  80.08  77.96  80.64  78.57  
student021 67.74  73.89  88.67  90.5   98.07  97.91  81.12  88.15  
student022 86.2   70.26  77.03  83.3   65.52  87.5   97.12  98.95  
student023 94.54  80.95  65.77  89.74  80.28  91.31  89.35  91.39  
student024 65.15  67.8   96.62  91.13  65.22  83.15  84.04  72.55  
student025 86.94  89.83  74.81  78.02  75.86  68.63  92.16  66.93  
student026 70.61  75.4   81.72  83.2   70.26  94.18  85.22  76.59  
student027 99.54  65.06  66.03  82.14  90.86  83.77  69.29  71.59  
student028 86.49  69.41  98.39  94.33  74.07  79.85  96.43  91.62  
student029 80.81  88.29  72.33  84.14  71.16  80.12  89.06  94.27  
student030 99.07  67.81  91.93  73.76  91.92  91.22  88.86  66.27  
student031 72.76  87.84  78     73.18  70.81  70.59  88.17  98.22  
student032 86.74  65.63  90.27  66.88  83.17  67.29  99.2   76.52  
student033 91.01  71     97.89  73.92  69.33  70.6   68.68  77.9   
student034 76.45  85.19  91.54  89.49  97.73  77.67  80.93  73.42  
student035 79.76  75.14  72.57  83.46  95.23  89.9   78.4   81.09  
student036 92.84  65.11  88.26  71.54  69.69  98.11  86.21  77.16  
student037 82.84  94.2   76.53  87.11  66.45  91.85  83.18  72.72  
student038 68.11  89.73  74.16  78.24  73.14  81.43  99.2   66.2   
student039 66.11  85.71  76.54  83.78  79.13  98.84  95.36  70.19  
student040 87.38  97.62  93.54  85.05  98.08  70.44  77.03  68.38  
student041 65.78  94.99  88.61  89.45  71.72  77.11  69.92  72.76  
student042 85.51  65.92  91.68  67.71  97.39  80.07  94.09  86.06  
student043 83.18  70.65  85.1   83.6   88.35  84.21  88.38  85.01  
student044 80.45  82.58  66.11  83.27  66.23  68.75  84.31  86.39  
student045 92.02  82.03  89.39  82.04  89.87  74.68  74.8   83.57  
student046 73.24  85.91  97.21  93.74  73.06  96.48  87.8   97.76  
student047 95.06  98.34  69.3   89.59  68.77  68.5   77.06  91.52  
student048 76.58  85.06  72.09  99.1   82.21  93.17  70.59  70.22  
student049 78.32  79.84  87.8   67.1   96.42  96.54  70.98  66.1   
student050 83.28  74.7   85.54  93.42  97.9   85.3   95.83  71.63  
student051 90.16  67.55  95.77  68.14  79.59  88.61  93.46  91.93  
student052 96.38  82.03  78.21  89.07  67.69  81.72  73.33  99.16  
student053 88.84  77.68  92.8   67.57  81.94  82.49  97.65  70.12  
student054 67.81  79.29  98.71  71.93  71.87  85.15  85.5   77.89  
student055 86     70.21  99.84  79.1   93.68  78.1   81.79  87.63  
student056 92.97  77.52  76.7   70.07  88.34  76.01  86.08  97.23  
student057 83.08  74.24  94.18  87.21  81.03  70.46  88.31  92.82  
student058 75.1   76.22  90.17  73.12  78.07  67.58  84.82  79.79  
student059 75.26  77.51  85.63  81.21  98.06  66.77  85.86  95.25  
student060 68.66  94.17  88.05  65.66  71.81  83.31  90.19  94.3   
student061 88.1   87.51  83.72  76.32  80.48  74.68  69.1   94.27  
student062 76.65  83.76  97.55  73.51  85.89  73.64  71.87  94.26  
student063 86.81  88.51  95.49  69.05  88.66  80.91  66.13  94.93  
student064 88.15  67.1   74.78  71.17  96.4   85.8   89.18  84.93  
student065 80.21  72.11  74.54  73.55  81.69  98.65  72.61  92.39  
student066 98.6   85.07  69.52  82.56  82.68  69.14  88.41  78.53  
student067 94.09  69.32  87.68  94.7   68.69  77.63  90.17  85.33  
student068 70.5   70.92  88.5   96.03  76.96  89.49  92.72  74.88  
student069 70.95  67.56  91.26  70.76  92.06  80.19  97.53  74.32  
student070 92.75  72.49  78.32  97.5   86.58  77.47  71.93  92.69  
student071 65.64  69.01  87.91  78.38  76.6   97     78.77  94.1   
student072 69.54  97.97  77.32  85.02  94.55  93.61  80.24  77.22  
student073 97.17  91.06  92.17  86.42  76.01  69.41  69.67  69.41  
student074 91.27  81.06  73.21  88.94  94.9   69.21  98.05  67.11  
student075 69.94  72.96  85.97  66.88  93.43  66.11  99.11  88.49  
student076 73.34  85.64  72.97  80.67  97.66  82.97  95.08  86.33  
student077 86.84  87.55  65.91  72.27  84.61  69.22  69.82  83.99  
student078 96.03  77.69  75.47  96.96  98.96  92.93  80.71  89.29  
student079 81.39  79.05  81.35  83.12  96.47  69.79  89.12  79.32  
student080 66.09  71.74  74.62  79.3   90.28  87.15  65.01  77.13  
student081 82.23  76.15  69.83  78.54  66.96  91.79  98.67  99.97  
student082 77.24  71.97  84     72.06  82.98  86.28  92.95  70.13  
student083 83.33  85.01  88.75  94.56  76.62  91.04  79.1   84.44  
student084 86.51  86.49  66.39  77.02  71     79.83  90.56  77.8   
student085 68.03  79.64  76.38  84.74  83.62  67.11  68.85  84.23  
student086 69.45  67.08  97.13  95.05  84.23  94.62  88.25  99.06  
student087 70.58  74.92  85.93  67.2   98.23  74.88  80.08  71.95  
student088 91.57  88.55  88.92  70.9   97.23  65.13  71.24  88.39  
student089 83.11  81.34  68.28  80.58  87.82  95.88  72.14  65.56  
student090 68.82  84.64  73.59  66.05  96.02  84.16  82.05  97.78  
student091 84.21  91.37  71.04  78.31  98.85  75.55  96.17  73.76  
student092 94.38  89.8   83.42  68.2   92.37  75.78  91.48  87.59  
student093 70.4   80.93  70.68  79.32  70.85  99.49  76.67  77.4   
student094 76.28  87.45  66.32  67.74  82.19  73.85  88.05  65.06  
student095 68.53  98.44  70.79  69.08  98.63  72.71  73.91  73.51  
student096 84.22  94.81  84.52  96.57  91.59  99.94  78.13  91.09  
student097 91.82  87.46  68.59  95.22  97.58  75.19  99.14  94.07  
student098 71.64  91.78  66.13  78.14  71.76  85.89  84.23  92.19  
student099 89.79  95.92  99.81  82.49  91.2   89.14  70.99  74.9   
student100 96.88  78.98  96.59  84.19  74.21  73.25  76.75  80.85  
student101 88.35  93.67  83.96  91.12  91.55  79.24  89.58  88.14  
student102 74.67  75.55  98.4   96.58  99.1   79.35  92.86  86.07  
student103 68.85  67.56  78.42  78.68  84.57  89.47  65.39  78.56  
student104 84.8   74.4   70.66  93.29  71.71  87.69  67.55  78.26  
student105 82.26  72.57  77.36  96.23  80.37  99.38  85.18  70.01  
student106 82.49  67.89  71.05  78.11  70.76  73.59  92.69  73.78  
student107 84.24  83.04  77.32  79.43  97.05  84.9   79.02  93.22  
student108 66.52  69.55  98.92  72.25  94.07  75.71  99.47  76.65  
student109 67.88  88.86  72.15  70.74  71.91  95.51  68.18  73.65  
student110 83.1   95.38  85.88  99.54  93.8   89.03  86.98  78.88  
student111 79.7   81.72  93.48  75.32  81.6   80.02  81.24  88.03  
student112 84.68  88.37  87.84  74.79  65.18  67.07  72.51  73.88  
student113 90.84  81.56  97.31  73.77  88.94  81.59  82.72  94.23  
student114 99.06  70.2   78.88  91.97  80.91  87.27  90.97  74.52  
student115 71.31  92.57  67.7   94.44  98.07  98.11  78.2   94     
student116 73     95.15  98.41  95.42  91.25  79.61  79.13  77.67  
student117 72.14  93.83  98.8   79.59  90.37  79.53  86.12  99.56  
student118 65.15  69.56  88.72  73.29  88.83  70.11  85.96  67.58  
student119 72.1   90.64  98.54  90.92  72.54  94.37  72.65  74.47  
student120 94.25  86.8   81.02  90.38  79.45  68.58  80.25  73.49  
student121 87.11  84.06  67.76  66.69  81.46  76.85  94.88  74.75  
student122 89.62  95.46  71.37  83.58  90.39  73.24  73.32  93.78  
student123 95.38  66.35  82.07  77.43  70.78  75.86  70.26  96.73  
student124 85.71  94.03  72.4   85.37  70.43  75.76  77.9   66.22  
student125 67.28  91.97  75.6   98.85  89.42  70.41  84.79  89.11  
student126 81.06  70.66  65.44  93.19  84.72  85.15  90.5   82.88  
student127 81.62  85.48  90.4   77.08  66.15  91.52  79.32  70.69  
student128 66.21  71.01  98.15  93.7   76.64  94.23  80.45  67.07  
student129 87.55  72.31  89.11  77.85  69.33  93.46  83.92  90.65  
student130 84.24  89.74  90.23  89.69  78.38  71.45  75.64  89.51  
student131 82.16  71.27  73.19  83.47  76.86  88.61  85.89  93.73  
student132 66.82  69.85  94.96  65.78  74.65  68.47  92.38  92.91  
student133 65.6   86.94  75.92  76.22  93.5   90.8   69.54  76.07  
student134 68.64  95.93  86.56  95.74  78.19  93.13  87.68  67.21  
student135 85.72  76.59  73.77  70.56  90.02  67.52  71.51  73.33  
student136 71.75  77.05  76.1   99.3   88.18  97.51  92.52  87.79  
student137 71.34  74     65.85  81.93  98.87  95.99  95.42  71.71  
student138 72.9   93.63  84.03  71.41  96.28  74.78  77.31  89.26  
student139 66.51  73.54  84.97  77.29  75.12  76.23  88.19  97.69  
student140 92.83  75.76  76.3   67.07  71.83  83.06  84.01  86.43  
student141 99.35  87.51  71.7   71.01  97.51  78.91  71.86  93.05  
student142 93.85  84.98  67.95  68.82  91.04  88.09  82.74  71.15  
student143 74.38  80.91  98.56  71.1   83.05  85.88  91.01  77.11  
student144 98.7   68.48  68.65  92.8   78.3   69.89  68.39  69.24  
student145 89.96  85.29  85.57  99.84  67.26  78.16  73.35  99.4   
student146 69.69  87.46  87.95  77.29  95.78  71.01  81.92  68.36  
student147 69.31  69.22  69.69  79.76  74.02  84.95  71.55  70.4   
student148 86.02  68.4   77.02  97.1   97.6   73.59  93     85.54  
student149 93.41  83.08  88.06  78.42  71.81  84.59  89.56  74.24  
student150 69.11  66.79  66.65  92.79  74.8   72.81  82.78  75.47  
student151 68.86  70.13  93.78  89.07  72.91  70.71  89.47  67.88  
student152 69.45  73.19  95.02  77.9   72.04  89.14  91.73  65.46  
student153 73.25  71.45  95.68  66.9   97.79  95.99  76.27  71.15  
student154 70.69  99.5   87.54  97.84  92.22  80.5   69.6   76.93  
student155 77.82  90.39  92.06  95.31  79.72  87.93  86.84  81.56  
student156 91.94  74.23  68.08  84.81  75.6   69.96  90.19  91.33  
student157 67.26  89.19  99.86  85.36  65.87  81.32  79.5   72.46  
student158 94.23  71.49  93.61  81.35  78.81  76.4   96.88  82.88  
student159 70.28  97.97  82.61  82.16  74.65  96.63  66.65  96.58  
student160 83.73  75.71  77.83  98.62  88.08  85.43  83.09  78.02  
student161 83.85  66.55  68.52  85.31  87.46  93.57  87.2   70.88  
student162 91.03  88.45  90.89  97.6   67.14  77.7   71.15  74.26  
student163 84.74  81.83  89.48  93.47  65.07  67.47  65     99.04  
student164 85.87  76.02  93.13  72.97  74.33  72.08  87.6   85.54  
student165 80.02  72.48  98.37  77.38  69.67  72.72  69.79  88.89  
student166 90.19  74.08  99.9   71.88  70.46  67.14  86.67  77.32  
student167 77.55  70.13  83.23  95.2   98.38  95.1   96.75  98.26  
student168 96.56  77.86  65.59  76.46  85.41  97.55  95.53  97.08  
student169 94.91  69.77  70.03  86.97  95.33  86.38  83.48  77.85  
student170 84.25  75.36  85.22  71.55  92     84.2   65.91  91.72  
student171 81.98  92.45  66.02  95.03  90.56  76.64  73.39  93.42  
student172 68.56  71.81  73.12  72.14  67.31  99.34  83.46  77.76  
student173 74.68  80.81  82.37  97.65  80.6   74.46  70.26  95.32  
student174 97.78  97.15  66.23  71.03  74.96  84.03  65.07  66.11  
student175 86.52  70.29  86.38  78.38  80.85  90.55  69.98  68.76  
student176 98.9   69.62  69.48  96.24  86.24  66.36  73.15  70.85  
student177 67.39  81.97  88.91  69.95  96.76  73.07  73.71  72.67  
student178 87.85  72.9   68.2   65.28  95.16  89.19  74.02  98.15  
student179 74.84  71.97  96.57  86.37  93.97  65.69  96.16  87.47  
student180 95.31  68.3   95.14  83.15  82     65.19  70.82  84.37  
student181 99.14  89.16  89.14  74.49  79.73  73.2   79.75  68.58  
student182 80.08  81.15  87.14  91.53  79.79  84.82  80.15  86.11  
student183 81.63  73.1   83.02  99.26  79.89  88.44  71.89  92.38  
student184 71.82  70.09  90.58  82.08  91.77  65.98  87.99  68.84  
student185 92.24  80.54  70.39  85.79  94.22  86.08  71.98  82.07  
student186 89.51  79.32  96.52  71.12  97.34  84.56  82.02  83.64  
student187 85.77  70.54  90.15  79.24  65.39  67.05  99.2   73.43  
student188 77.66  93.73  76.01  76.68  87.6   77.94  70.36  66.63  
student189 86.27  84.87  79.59  87.16  89.37  73.6   94.1   87.61  
student190 90.53  76.72  98.78  85.72  65.94  84.38  75.16  82.41  
student191 75.58  65.26  91.37  80     65.2   80.85  80.37  88.55  
student192 84.32  79.26  82.35  75.32  95.22  76.69  95.32  68.86  
student193 65.51  95.46  68.27  96.84  91.52  94.73  99.84  77.13  
student194 73.09  84.23  68.13  71.96  97.54  82.32  77.69  91.44  
student195 88.82  80.51  84.35  90.23  89.49  92.46  95.05  92.65  
student196 81.15  82.67  82.91  65.59  80.19  97.79  92.26  82.3   
student197 67.81  98.08  89.77  82.82  67.77  77.85  78.03  71.09  
student198 68.36  98.43  78.62  86.38  71.9   80.89  77.85  91.68  
student199 68.41  89.22  72.71  71.19  93.39  73.62  84.87  74.27  
student200 80.63  66.85  96.98  87.07  99.15  77.37  94.68  98.64  
student201 95.04  95.37  65.23  77.37  86.94  91.04  74     81.98  
student202 70     82.21  75.34  98.88  85.01  90.16  92.13  90.61  
student203 79.38  93.46  83.35  85.55  90.77  74.5   90.95  79.89  
student204 94.56  68.97  88.96  75.07  73.72  88.16  65.67  81.88  
student205 69.38  79.17  81.88  76.67  66.75  79.01  86.33  79.99  
student206 79.94  68.48  81.66  84.91  67.85  78.32  87.26  71.78  
student207 67.09  85.72  96     93.53  92.84  70     72.54  75.87  
student208 86.31  98.97  96.01  91.63  72.74  79.59  68.63  80.39  
student209 92.36  92.12  66.65  93.56  84.65  67.65  74.37  85.26  
student210 87.41  97.05  91.68  82.84  98.47  92.29  98.39  84.4   
student211 96.88  79.42  80.92  90.67  92.71  86.74  84.25  88.95  
student212 91.23  85.91  93.87  72.32  96.53  75.7   76.43  81.29  
student213 69.93  93.7   74.7   95.49  92.6   73.2   84.92  97.21  
student214 99.25  93.51  95.25  96.87  87.05  94.07  84.8   92.3   
student215 83.41  87.04  67.22  79.41  88.34  77.54  82.83  86.93  
student216 98.24  80.12  66.69  89.98  69.7   92.59  80.83  72.4   
student217 80.97  93.13  70.72  99.75  78.62  76.96  72.3   93.47  
student218 80.25  74.93  77.73  82.95  76.87  94.31  83.73  78.47  
student219 67.92  68.87  74.38  84.52  96.5   96.53  73.38  93.41  
student220 94.1   80.11  90.91  72.66  85.59  95.38  88.88  80.66  
student221 71.29  84.93  80.36  81.28  79.9   76.74  97.04  69.71  
student222 70.11  98.35  78.43  97.3   90.55  84.37  95.32  71.74  
student223 95.29  72.88  97.13  84.14  74.83  92.87  75.23  72.7   
student224 97.63  66.22  83.69  85.96  81.2   84.54  92.07  80.65  
student225 84.85  75.29  67.07  83.73  94.36  84.32  74.39  95.92  
student226 94     86.04  95.9   82.74  74.73  91.97  71.17  77.34  
student227 89.44  99.83  86.08  69.69  78.54  72.59  99.63  69.9   
student228 93.67  95.13  96.79  76.38  65.2   71.14  66.32  88.44  
student229 89.44  99.69  75.62  95.17  67.96  81.33  99.23  82.42  
student230 88.56  79.06  98.04  67.58  70.38  92.25  83.72  73.32  
student231 67.33  82.53  66.56  80.69  71.22  86.45  83.31  88.38  
student232 83.82  89.71  95.91  96.68  77.03  97.06  84.14  99.8   
student233 91.6   75.48  94.82  72.43  97.88  98.24  70.43  87.78  
student234 80.77  90.38  74.38  81.55  94.13  98.23  85.52  85.59  
student235 68.75  88.97  91.22  95.09  90.82  74.66  77.26  65.79  
student236 82.05  76.41  77.91  85.1   93.5   79.34  73.98  88.09  
student237 67.44  81.67  94.72  77.55  79.3   85.85  95.55  67.18  
student238 70.02  92.95  71.23  86.21  68.4   66.96  96.17  89.82  
student239 67.98  91.45  98.17  78.26  79.61  79.99  66.64  80.79  
student240 68.88  91.95  92.48  83.24  87.46  85.09  65.14  86.45  
student241 96.81  95.1   81.61  90.51  65.51  68.53  73.05  68.01  
student242 66.81  71.48  77.51  76.96  70.94  99.31  81.43  72.85  
student243 76.22  91.66  91.78  83.94  78.7   99.66  73.7   84.89  
student244 73.89  87.15  81.72  71.07  93.75  89.68  85.31  69.99  
student245 78.97  98.41  75.54  77.23  99.84  86.14  92.43  88.63  
student246 91.26  73.64  98.51  69.94  83.03  98.17  86.38  66.55  
student247 93.43  89.99  81.98  77.95  74.38  94.99  71.02  90.57  
student248 99.65  89.82  99.71  74.49  74.2   96.33  68.63  77.85  
student249 94.31  90.58  98.7   89.88  86.24  97.87  74.59  68.61  
student250 85.07  75.45  69.42  79.43  70.39  80.2   75.06  70.9   
student251 83.38  68.52  71.81  66.65  89.62  71.07  92.07  91.15  
student252 78.08  77.54  68.59  68.86  78.33  72.39  75.14  73.42  
student253 82.96  67.46  84.16  97.72  96.68  94.99  75.48  93.82  
student254 86.24  78.03  72.75  91.2   94.09  90.09  65.25  68.01  
student255 96.52  86.14  65.66  81.14  82.43  97.74  92.68  67.44  
