student00 69.6   81.05  72.66  88.76  97.71  83.18  66.21  83.54
student01 65.27  67.34  89.04  97.57  83.44  87.89  89.54  91.68
student02 66.66  76.49  91.47  77.79  99.39  91.37  67.54  95.96
student03 80.27  81.72  74.62  70.83  96.42  67.12  82.66  76.17
student04 82.29  68.18  67.58  78.44  96.98  81.26  66.75  91.96
student05 69.39  89.1   87.03  90.39  96.1   75.72  82.96  94.61
student06 94.45  79.54  81.38  71.24  85.01  66.16  82.45  91.19
student07 96.18  94.47  72.45  69.56  74.61  79.5   89.84  73.4
student10 81.68  72.11  96.56  69.97  79.36  96     70.68  77.79
student11 69.73  80.94  80.83  97.61  72.53  96.81  95.13  82.71
student12 93.61  81.18  87.15  93.86  89.58  98.4   75.13  83.01
student13 79.49  95.68  90.54  90.05  89.73  65.67  83.37  67.28
student14 82.11  88.87  97.08  96.15  69.87  99.63  80.61  83.01
student15 80.39  93.23  72.4   70.38  86.57  65.03  90.46  79.62
